-0.5443067141782327
-0.7150848405610151
-0.4580809893568203
0.7234173107156425
0.8698616031268276
-0.921323361219174
-0.5340406743911321
-0.27305322378482666
-0.002582414429928015
0.04125081961629795
0.20120487131078924
-0.5004510325103835
-0.8391877510999313
-0.37159352959048
0.08686329811585347
0.5176221965567362
-0.9988416362849188
-0.07340812527027585
0.635789177672061
0.1717394992604806
0.45917118266014745
0.4285396355838347
-0.33605557155003285
0.13678873617775733
-0.6705060593182284
0.69306431174522
0.8845439873583039
-0.039212646829168696
0.13694701982461388
0.35861969309418584
0.37148478308640764
0.4689657209879732
0.0870854132286687
-0.8757267829044333
-0.07240517872630514
0.9234771172529126
0.45009538771174795
0.7494335206321854
-0.5223522861149257
0.04607578922097577
-0.9441008666446993
0.48134870772761174
0.054945532205912695
0.6612288463614191
-0.12276889970949467
-0.825833524487442
